# Case ids where real bash and real dash agree exactly (the host
# oracle, logs/oilspec_host.py). The gate spends its bounded
# per-case diagnostic budget on THESE, because they are the ones
# the compliance number is computed over.
0002
0003
0004
0005
0006
0007
0008
0012
0013
0014
0015
0016
0017
0018
0019
0020
0021
0022
0023
0024
0025
0026
0027
0028
0029
0030
0031
0032
0033
0034
0035
0036
0037
0038
0039
0040
0042
0043
0044
0045
0046
0047
0048
0069
0070
0071
0093
0094
0095
0096
0097
0098
0100
0101
0105
0106
0107
0114
0115
0116
0118
0119
0126
0127
0128
0129
0130
0133
0138
0149
0154
0155
0156
0158
0159
0160
0224
0275
0290
0292
0298
0300
0326
0333
0368
0369
0370
0380
0401
0409
0414
0415
0416
0417
0418
0419
0420
0421
0422
0423
0424
0425
0426
0427
0429
0430
0431
0436
0437
0438
0440
0441
0442
0443
0445
0446
0450
0452
0454
0462
0466
0468
0470
0471
0472
0473
0476
0477
0478
0480
0481
0482
0483
0484
0485
0486
0487
0488
0505
0506
0507
0514
0520
0521
0530
0531
0533
0534
0535
0536
0537
0538
0539
0540
0541
0544
0545
0546
0547
0551
0552
0553
0556
0557
0558
0560
0585
0586
0587
0590
0613
0614
0615
0616
0623
0624
0625
0627
0628
0629
0632
0633
0637
0639
0641
0643
0666
0667
0668
0670
0671
0672
0673
0674
0675
0676
0677
0678
0679
0682
0683
0684
0685
0686
0689
0690
0691
0692
0693
0694
0695
0696
0697
0698
0699
0700
0701
0702
0703
0706
0707
0708
0709
0710
0711
0712
0713
0715
0717
0718
0719
0723
0724
0725
0726
0727
0728
0729
0730
0731
0732
0733
0734
0736
0737
0738
0739
0740
0741
0742
0743
0744
0747
0771
0772
0777
0778
0782
0783
0784
0815
0816
0817
0820
0821
0844
0847
0848
0849
0850
0851
0861
0862
0863
0864
0867
0868
0869
0870
0871
0872
0873
0874
0875
0876
0877
0881
0882
0883
0884
0886
0888
0889
0890
0891
0892
0893
0894
0897
0898
0903
0904
0905
0906
0907
0908
0909
0910
0911
0912
0916
0917
0918
0919
0920
0921
0922
0926
0928
0929
0930
0932
0939
0940
0946
0949
0950
0961
0967
0968
0969
0972
0973
0981
0982
0984
0985
0989
0993
0994
0995
0996
0997
0998
0999
1000
1001
1002
1003
1004
1005
1006
1007
1009
1010
1011
1012
1013
1014
1015
1016
1018
1020
1021
1022
1027
1028
1029
1030
1035
1037
1038
1039
1041
1042
1043
1044
1045
1046
1047
1048
1049
1050
1054
1055
1058
1059
1060
1061
1063
1065
1066
1067
1068
1069
1070
1071
1073
1074
1078
1079
1080
1091
1094
1098
1099
1101
1119
1120
1123
1130
1132
1133
1134
1135
1136
1139
1140
1141
1142
1143
1144
1145
1146
1147
1149
1151
1152
1153
1154
1155
1156
1157
1158
1159
1160
1161
1162
1165
1166
1169
1170
1171
1174
1201
1209
1211
1217
1222
1223
1224
1226
1230
1234
1235
1236
1238
1239
1240
1241
1242
1243
1244
1245
1246
1247
1248
1249
1250
1253
1285
1286
1291
1293
1295
1296
1298
1299
1301
1302
1303
1306
1307
1314
1315
1319
1320
1321
1322
1323
1324
1325
1327
1329
1333
1334
1335
1338
1340
1342
1343
1344
1351
1356
1359
1360
1361
1362
1363
1364
1365
1366
1368
1371
1375
1376
1378
1379
1380
1381
1382
1383
1384
1385
1386
1387
1388
1389
1390
1391
1392
1393
1394
1395
1396
1397
1398
1399
1400
1401
1402
1403
1404
1406
1407
1408
1409
1410
1411
1412
1413
1414
1415
1421
1422
1424
1425
1435
1439
1448
1449
1451
1462
1475
1476
1478
1494
1495
1496
1498
1499
1500
1501
1502
1503
1504
1505
1506
1509
1510
1511
1513
1515
1516
1517
1518
1519
1520
1521
1522
1523
1524
1525
1528
1529
1530
1531
1532
1533
1534
1535
1536
1537
1538
1539
1540
1541
1542
1543
1544
1545
1546
1548
1549
1550
1551
1552
1553
1554
1555
1556
1557
1558
1559
1560
1563
1564
1565
1566
1568
1569
1570
1571
1572
1573
1574
1575
1576
1577
1578
1579
1581
1634
1635
1636
1637
1647
1648
1649
1650
1657
1658
1667
1668
1669
1670
1671
1672
1673
1674
1675
1676
1677
1678
1679
1682
1683
1684
1685
1686
1687
1688
1689
1690
1691
1692
1693
1694
1697
1699
1700
1701
1702
1703
1705
1706
1725
1728
1731
1732
1733
1734
1735
1736
1737
1738
1739
1740
1741
1742
1743
1744
1745
1746
1747
1748
1749
1750
1751
1752
1753
1754
1755
1756
1757
1759
1760
1761
1762
1763
1764
1765
1766
1767
1768
1769
1770
1771
1772
1773
1774
1775
1776
1777
1778
1779
1780
1781
1782
1783
1784
1786
1787
1788
1797
1799
1800
1801
1806
1807
1809
1810
1812
1813
1814
1815
1816
1817
1818
1819
1822
1824
1825
1826
1827
1829
1830
1831
1832
1833
1842
1843
1845
1846
1851
1856
1875
1877
1878
1880
1881
1882
1883
1885
1886
1887
1888
1889
1892
1893
1894
1895
1896
1898
1899
1901
1902
1903
1904
1905
1906
1908
1909
1910
1912
1913
1914
1915
1916
1917
1918
1919
1921
1924
1925
1926
1927
1929
1931
1932
1933
1934
1935
1936
1937
1938
1939
1940
1946
1947
1948
1949
1950
1951
1952
1953
1954
1958
1959
1960
1961
1962
1963
1964
1965
1966
1967
1968
1969
1970
1971
1972
1974
1975
1976
1978
1979
1989
2020
2021
2022
2023
2024
2025
2026
2027
2028
2029
2030
2031
2032
2034
2035
2037
2038
2039
2040
2041
2042
2043
2045
2046
2047
2048
2049
2051
2053
2056
2057
2058
2059
2061
2064
2065
2066
2067
2068
2069
2071
2073
2075
2076
2077
2078
2079
2080
2081
2082
2083
2085
2086
2097
2098
2099
2102
2103
2104
2106
2110
2113
2114
2117
2118
2121
2125
2126
2128
2136
2137
2148
2150
2167
2169
2170
2171
2183
2184
2185
2186
2187
2188
2189
2190
2191
2193
2194
2199
2202
2205
2208
2209
2210
2211
2212
2214
2217
2218
2223
2226
2244
2245
2246
2247
2248
2249
2250
2251
2252
2253
2254
2256
2257
2258
2259
2260
2261
2262
2263
2265
2266
2267
2268
2269
2270
2271
2272
2273
2274
2275
2276
2277
2278
2279
2281
2282
2283
2284
2285
2286
2287
2288
2289
2290
2291
2292
2293
2294
2295
2296
2297
2298
2299
2300
2301
2302
2303
2304
2305
2306
2307
2308
2309
2310
2311
2312
2313
2314
2315
2316
2317
2318
2319
2320
2321
2322
2323
2324
2325
2328
2329
2330
2331
2332
2333
2334
2338
2339
2340
2342
2343
2347
2348
2349
2350
2352
2353
2354
2356
2358
2359
2360
2361
2366
2367
2368
2369
2371
2372
2373
2374
2375
2376
2377
2378
2379
2380
2381
2382
2383
2384
2396
2400
2407
2408
2409
2410
2411
2412
2413
2428
2429
2430
2431
2432
2441
2443
2444
2446
2495
2497
2498
2501
2502
2503
2504
2505
2506
2507
2508
2509
2512
2513
2514
2515
2516
2517
2518
2519
2520
2521
2522
2523
2524
2527
2528
2529
2530
2531
2532
2533
2534
2535
2536
2537
2542
2545
2546
2548
2552
2553
2556
2590
2591
2593
2594
2595
2596
2597
2598
2599
2600
2601
2602
2603
2604
2605
2606
2607
2608
2609
2610
2611
2612
2613
2614
2615
2616
2617
2618
2619
2620
2621
2623
2624
2627
2629
2632
2633
2636
2637
2638
2639
2640
2642
2643
2644
2645
2646
2647
2648
2649
2650
2652
2653
2660
2661
2664
2665
2667
2668
2677
2678
2680
2681
2682
2683
2684
2685
2687
2689
2690
2691
2692
2693
2694
2695
2696
2697
2698
2699
2700
2701
2702
2703
2704
2705
2706
2707
2708
2709
2710
2711
2712
2713
2714
2715
2716
2717
2718
2719
2720
2721
2722
2723
2724
2725
2726
2728
2729
2730
2734
2735
2736
2737
2739
2740
2741
2743
2744
2746
2747
2748
2749
2750
2752
2753
2754
2755
2756
2757
2758
2759
2760
2761
2762
2763
2764
2771
2774
2775
